DESCRIPTION SBS Bioimage doses0
0
0.98
1.95
3.91
7.81
15.63
31.25
62.5
125
250
150
0
0
0.98
1.95
3.91
7.81
15.63
31.25
62.5
125
250
150
0
0
0.98
1.95
3.91
7.81
15.63
31.25
62.5
125
250
150
0
0
0.98
1.95
3.91
7.81
15.63
31.25
62.5
125
250
150
80
0
0.31
0.63
1.25
2.50
5.00
10.00
20.00
40.00
80.00
0
80
0
0.31
0.63
1.25
2.50
5.00
10.00
20.00
40.00
80.00
0
80
0
0.31
0.63
1.25
2.50
5.00
10.00
20.00
40.00
80.00
0
80
0
0.31
0.63
1.25
2.50
5.00
10.00
20.00
40.00
80.00
0